# oST version 5.0 parameters


[image]

width
1024

height
1024

[narrow_stereo/left]

camera matrix
1902.037602 0.000000 547.503292
0.000000 1896.089652 503.964764
0.000000 0.000000 1.000000

distortion
-0.180195 1.003018 -0.000284 0.001014 0.0000

rectification
1.000000 0.000000 0.000000
0.000000 1.000000 0.000000
0.000000 0.000000 1.000000

projection
1902.037602 0.000000 547.503292 0.000000
0.000000 1896.089652 503.964764 0.000000
0.000000 0.000000 1.000000 0.000000

