image_width: 1280
image_height: 1024
camera_name: 305300013aa532
camera_matrix:
  rows: 3
  cols: 3
  data: [1851.40726200246, 0, 633.939419239925, 0, 1853.26815549102, 549.473189270876, 0, 0, 1]
distortion_model: plumb_bob
distortion_coefficients:
  rows: 1
  cols: 5
  data: [-0.353330302030103, -0.0768270774379841, -3.75428086006032e-05, 0.00142266579790835, 0]
rectification_matrix:
  rows: 3
  cols: 3
  data: [1, 0, 0, 0, 1, 0, 0, 0, 1]
projection_matrix:
  rows: 3
  cols: 4
  data: [1761.01123554564, 0, 633.907599114261, 0, 0, 1796.48882865851, 551.340591491013, 0, 0, 0, 1, 0]
