image_width: 800
image_height: 600
camera_name: 00305300013a8cbc
camera_matrix:
  rows: 3
  cols: 3
  data: [1237.418099033918, 0.0, 426.3564001064795, 0.0, 1237.4934061328622, 282.95374021009076, 0.0, 0.0, 1.0]
distortion_model: plumb_bob
distortion_coefficients:
  rows: 1
  cols: 5
  data: [-0.1574540960316068, 0.1658848880068144, -0.0023591730687546296, -0.0011759010498513928, 0.0]
rectification_matrix:
  rows: 3
  cols: 3
  data: [1.0, 0.0, 0.0, 0.0, 1.0, 0.0, 0.0, 0.0, 1.0]
projection_matrix:
  rows: 3
  cols: 4
  data: [1217.2489013671875, 0.0, 426.0512199155346, 0.0, 0.0, 1224.1531982421875, 281.66426897807105, 0.0, 0.0, 0.0, 1.0, 0.0]

