# oST version 5.0 parameters


[image]

width
1024

height
1024

[narrow_stereo/left]

camera matrix
1881.099216 0.000000 547.667592
0.000000 1874.368539 529.014385
0.000000 0.000000 1.000000

distortion
-0.023813 -0.095821 -0.001030 0.002977 0.0000

rectification
1.000000 0.000000 0.000000
0.000000 1.000000 0.000000
0.000000 0.000000 1.000000

projection
1881.099216 0.000000 547.667592 0.000000
0.000000 1874.368539 529.014385 0.000000
0.000000 0.000000 1.000000 0.000000

